0 0.3337382229992386 0.37817823668834216 0.10080849230063554 0.1547538970367956
0 0.5157703440786304 0.6216382008733445 0.11251643286348445 0.17455364831006837
0 0.36758921633999314 0.6392742474801708 0.101009388403548 0.15630342825811216
0 0.6279482589464593 0.3384584459136526 0.11251643286348434 0.17455364831006848
0 0.6612253827794681 0.601204435978254 0.101009388403548 0.15630342825811216
0 0.21883421909361 0.6585602733597697 0.12557300854473707 0.1930047644649372
0 0.18498322575285553 0.3974642625679411 0.09145366737075322 0.14135316675170112
0 0.48151755853205097 0.35744312763888286 0.08775191661938264 0.13630278088192666
0 0.8094065105181055 0.5835683893714279 0.08775191661938275 0.1363027808819267
0 0.7759284905821842 0.31927286808550975 0.14918978577334718 0.2341537982327994
