0 0.7684569015077196 0.6352419650226478 0.10782438581136067 0.20003101193022688
0 0.9342550955100073 0.4100783846302784 0.1314898089799854 0.21503840886849812
0 0.5930387829237179 0.15827687658690945 0.13427299687989191 0.19775952633878352
0 0.6091560688819893 0.4354988986190512 0.19002661243345986 0.2822332385523263
0 0.3675725353073357 0.7294646086744876 0.1632773283737174 0.2751345469441455
0 0.4412153961448413 0.38321084269653044 0.11326937596788045 0.1752443213920366
0 0.3073026000397235 0.1717760013366646 0.10551100713339556 0.17655545676596474
0 0.20386262983696374 0.37481294548588145 0.08596885809091784 0.15096697158454486
0 0.5900431850899465 0.7631794836972863 0.19667429455482416 0.29492725681263254
0 0.11016456853350207 0.5422064939451492 0.07795992843042371 0.14446962595878626
0 0.43895173078551775 0.5511934085202 0.10401586125602041 0.08134210073498771
0 0.20268459510816023 0.5576817373741577 0.08919247482119619 0.15419058831482313
0 0.9415753817455365 0.14547110307129998 0.11684923650892709 0.2210847450074403
0 0.3031556189459905 0.37409082747635525 0.10042502121196878 0.16391155067086038
0 0.3124333920473309 0.5721465184204493 0.09841231552521479 0.14980617270622226
0 0.9223883110712932 0.6612859680767846 0.1522534497224325 0.22329789935500155
0 0.7853689595702212 0.40050735992328645 0.1266649645410125 0.20375575031252374
