0 0.22734375 0.6265625 0.1015625 0.196875
0 0.065625 0.39609375 0.13125 0.2109375
0 0.41796875 0.15546875 0.128125 0.19375
0 0.39296875 0.43203125 0.18125 0.2765625
0 0.625 0.73359375 0.1546875 0.2703125
0 0.5625 0.38515625 0.1078125 0.171875
0 0.703125 0.178125 0.1 0.1734375
0 0.8 0.384375 0.08125 0.1484375
0 0.4015625 0.76015625 0.1875 0.2890625
0 0.88828125 0.5546875 0.0734375 0.1421875
0 0.559375 0.553125 0.1015625 0.078125
0 0.7953125 0.5671875 0.084375 0.1515625
0 0.0625 0.13125 0.125 0.2171875
0 0.70078125 0.38046875 0.0953125 0.1609375
0 0.68515625 0.578125 0.09375 0.146875
0 0.07265625 0.64765625 0.1453125 0.21875
0 0.21796875 0.39140625 0.1203125 0.2