0 0.34609375 0.5390625 0.025 0.0375
0 0.5921875 0.74609375 0.025 0.0375
0 0.58203125 0.58359375 0.021875 0.034375
0 0.6109375 0.9609375 0.028125 0.040625
0 0.009375 0.85625 0.01875 0.0515625
0 0.5875 0.66640625 0.0234375 0.0359375
0 0.8078125 0.81953125 0.0234375 0.034375
0 0.340625 0.6984375 0.028125 0.0421875
0 0.04609375 0.57578125 0.0390625 0.04375
0 0.33984375 0.82265625 0.0296875 0.04375
0 0.603125 0.86015625 0.0265625 0.0390625
0 0.3375 0.9171875 0.03125 0.0453125
0 0.0828125 0.37734375 0.034375 0.0375
0 0.065625 0.46875 0.0359375 0.040625
0 0.796875 0.75 0.021875 0.0328125
0 0.7828125 0.653125 0.0234375 0.03125
0 0.578125 0.5140625 0.021875 0.0328125
0 0.34375 0.6125 0.0265625 0.040625
0 0.0203125 0.73203125 0.040625 0.05
0 0.7703125 0.56953125 0.0203125 0.028125
0 0.3484375 0.46953125 0.025 0.034375