0 0.01328125 0.53984375 0.0265625 0.096875
0 0.840625 0.54140625 0.1421875 0.0953125
0 0.51484375 0.40546875 0.1453125 0.0953125
0 0.51484375 0.67734375 0.1484375 0.096875
0 0.29609375 0.14140625 0.14375 0.0921875
0 0.190625 0.0328125 0.1421875 0.05625
0 0.178125 0.53984375 0.1515625 0.096875
0 0.98125 0.05 0.0375 0.0515625
0 0.01875 0.2703125 0.0375 0.09375
0 0.62578125 0.540625 0.1453125 0.096875
0 0.62421875 0.27421875 0.14375 0.0953125
0 0.93203125 0.1546875 0.1359375 0.0921875
0 0.28828125 0.67734375 0.15 0.0984375
0 0.4046875 0.271875 0.1453125 0.09375
0 0.184375 0.27265625 0.146875 0.09375
0 0.40625 0.03125 0.1421875 0.05625
0 0.06875 0.67734375 0.1375 0.0984375
0 0.0234375 0.03203125 0.046875 0.053125
0 0.51484375 0.1421875 0.14375 0.09375
0 0.72734375 0.14765625 0.1390625 0.09375
0 0.73515625 0.6765625 0.1421875 0.0984375
0 0.07265625 0.40390625 0.1453125 0.0953125
0 0.6203125 0.0390625 0.140625 0.0546875
0 0.7328125 0.40703125 0.140625 0.096875
0 0.990625 0.54140625 0.0171875 0.09375
0 0.9859375 0.28125 0.028125 0.090625
0 0.2921875 0.40546875 0.146875 0.0953125
0 0.40234375 0.540625 0.1484375 0.096875
0 0.834375 0.27890625 0.1390625 0.0953125
0 0.078125 0.14140625 0.1484375 0.09375
0 0.9390625 0.67421875 0.1203125 0.096875
0 0.8265625 0.046875 0.1375 0.05625
0 0.9359375 0.409375 0.128125 0.09375