0 0.82734375 0.49609375 0.1328125 0.178125
0 0.87734375 0.7375 0.040625 0.0859375
0 0.82578125 0.73984375 0.053125 0.0328125
0 0.1796875 0.55 0.059375 0.0828125
0 0.48828125 0.228125 0.059375 0.0734375
0 0.78125 0.78125 0.0140625 0.06875
0 0.809375 0.2171875 0.1296875 0.1609375
0 0.825 0.8015625 0.0734375 0.103125
0 0.7453125 0.740625 0.0578125 0.090625
0 0.2703125 0.19765625 0.0171875 0.2015625
0 0.15859375 0.459375 0.0140625 0.046875
0 0.34765625 0.21875 0.13125 0.1625
0 0.203125 0.80859375 0.0671875 0.0859375
0 0.8171875 0.7078125 0.0640625 0.028125
0 0.12734375 0.79765625 0.0375 0.090625
0 0.49765625 0.7515625 0.159375 0.1890625
0 0.496875 0.50859375 0.1375 0.1796875