0 0.128125 0.2015625 0.06875 0.0515625
0 0.19765625 0.19765625 0.059375 0.0546875
0 0.26953125 0.19140625 0.0625 0.0609375
0 0.346875 0.18671875 0.06875 0.0578125
0 0.125 0.26796875 0.0640625 0.0546875
0 0.2 0.265625 0.0609375 0.0515625
0 0.26953125 0.2625 0.0671875 0.059375
0 0.346875 0.25859375 0.06875 0.0578125
0 0.128125 0.3328125 0.0578125 0.05
0 0.19609375 0.33125 0.05625 0.0578125
0 0.2640625 0.32890625 0.071875 0.0578125
0 0.33984375 0.32734375 0.06875 0.0546875
0 0.12578125 0.396875 0.0609375 0.0546875
0 0.19140625 0.39765625 0.0640625 0.0515625
0 0.2640625 0.3984375 0.0625 0.0546875
0 0.3421875 0.39921875 0.0734375 0.0578125
0 0.12109375 0.4609375 0.0578125 0.05625
0 0.1921875 0.465625 0.0671875 0.0640625
0 0.26171875 0.46484375 0.0671875 0.0546875
0 0.33828125 0.46875 0.0671875 0.059375
0 0.56484375 0.17578125 0.0890625 0.0640625
0 0.66015625 0.19140625 0.090625 0.0703125
0 0.76171875 0.2015625 0.090625 0.075
0 0.8734375 0.21875 0.1015625 0.075
0 0.53671875 0.25234375 0.0921875 0.0703125
0 0.62890625 0.26875 0.0875 0.0640625
0 0.7265625 0.2828125 0.0953125 0.0765625
0 0.8359375 0.303125 0.096875 0.078125
0 0.5078125 0.3296875 0.08125 0.06875
0 0.5984375 0.34609375 0.08125 0.06875
0 0.69296875 0.3671875 0.0890625 0.078125
0 0.79921875 0.38671875 0.096875 0.078125
0 0.48046875 0.40078125 0.078125 0.0625
0 0.5671875 0.4203125 0.08125 0.0703125
0 0.6609375 0.44296875 0.09375 0.0703125
0 0.7625 0.46796875 0.0953125 0.078125
0 0.45078125 0.471875 0.0796875 0.0671875
0 0.5359375 0.49609375 0.0796875 0.075
0 0.63046875 0.521875 0.0921875 0.0796875
0 0.73515625 0.5484375 0.10625 0.08125
0 0.309375 0.56875 0.0765625 0.065625
0 0.37109375 0.61875 0.078125 0.065625
0 0.4296875 0.6703125 0.0796875 0.0671875
0 0.49765625 0.72265625 0.0828125 0.0734375
0 0.5640625 0.7796875 0.0921875 0.0734375
0 0.26484375 0.61640625 0.078125 0.0671875
0 0.31796875 0.665625 0.06875 0.0703125
0 0.38046875 0.7140625 0.0859375 0.0671875
0 0.4390625 0.76875 0.078125 0.0703125
0 0.51484375 0.82578125 0.1046875 0.0671875
0 0.2140625 0.66171875 0.0734375 0.065625
0 0.2703125 0.7125 0.0796875 0.059375
0 0.325 0.76171875 0.075 0.065625
0 0.3875 0.815625 0.078125 0.0671875
0 0.4484375 0.8703125 0.0875 0.0671875
0 0.16875 0.70234375 0.0703125 0.065625
0 0.22265625 0.75546875 0.0671875 0.0625
0 0.2765625 0.80625 0.0703125 0.0609375
0 0.33046875 0.859375 0.06875 0.06875
0 0.39453125 0.91328125 0.0875 0.065625