0 0.08828125 0.2234375 0.090625 0.0671875
0 0.1875 0.221875 0.0828125 0.065625
0 0.2828125 0.22109375 0.090625 0.0671875
0 0.384375 0.21796875 0.0796875 0.0671875
0 0.10234375 0.29921875 0.08125 0.0625
0 0.1890625 0.29921875 0.084375 0.0671875
0 0.2875 0.29765625 0.0796875 0.0625
0 0.3859375 0.29375 0.0796875 0.0671875
0 0.10625 0.37421875 0.084375 0.0625
0 0.19609375 0.375 0.084375 0.0625
0 0.29375 0.37265625 0.0796875 0.0625
0 0.384375 0.36953125 0.096875 0.0703125
0 0.11875 0.440625 0.0734375 0.059375
0 0.2046875 0.44453125 0.0875 0.0609375
0 0.29921875 0.44375 0.075 0.0640625
0 0.39609375 0.44453125 0.08125 0.0625
0 0.125 0.509375 0.078125 0.0578125
0 0.21171875 0.5140625 0.078125 0.059375
0 0.30234375 0.51640625 0.0765625 0.065625
0 0.39453125 0.515625 0.0765625 0.0609375
0 0.63203125 0.22578125 0.090625 0.0796875
0 0.73125 0.246875 0.090625 0.071875
0 0.82890625 0.26875 0.0890625 0.0734375
0 0.93671875 0.29140625 0.1015625 0.071875
0 0.6046875 0.30625 0.09375 0.0671875
0 0.70078125 0.32890625 0.0953125 0.0671875
0 0.79921875 0.34921875 0.09375 0.06875
0 0.903125 0.36640625 0.10625 0.06875
0 0.5796875 0.37734375 0.09375 0.0640625
0 0.671875 0.40078125 0.0890625 0.0625
0 0.76640625 0.41953125 0.0984375 0.0625
0 0.86484375 0.43984375 0.09375 0.06875
0 0.5515625 0.44921875 0.0921875 0.0625
0 0.64375 0.46875 0.0921875 0.0625
0 0.73359375 0.48984375 0.090625 0.0625
0 0.83203125 0.51015625 0.09375 0.0640625
0 0.52421875 0.5171875 0.084375 0.065625
0 0.615625 0.5390625 0.0828125 0.065625
0 0.70703125 0.55703125 0.084375 0.0671875
0 0.80390625 0.5765625 0.0921875 0.0671875
0 0.37109375 0.6125 0.084375 0.0625
0 0.4421875 0.6546875 0.0828125 0.0609375
0 0.5125 0.6953125 0.0859375 0.0609375
0 0.58125 0.73671875 0.0828125 0.059375
0 0.65078125 0.778125 0.08125 0.0625
0 0.31875 0.659375 0.084375 0.0640625
0 0.3921875 0.70078125 0.084375 0.0625
0 0.459375 0.740625 0.0796875 0.0640625
0 0.52734375 0.7796875 0.078125 0.0609375
0 0.59609375 0.81953125 0.08125 0.059375
0 0.26953125 0.70390625 0.0859375 0.0625
0 0.3375 0.746875 0.078125 0.0578125
0 0.40625 0.784375 0.078125 0.059375
0 0.47734375 0.82421875 0.08125 0.0546875
0 0.54296875 0.86328125 0.090625 0.0515625
0 0.2203125 0.7484375 0.078125 0.0578125
0 0.28828125 0.7890625 0.0765625 0.0625
0 0.35546875 0.828125 0.078125 0.0578125
0 0.42421875 0.865625 0.0796875 0.0546875
0 0.4921875 0.9046875 0.08125 0.0546875