0 0.2984375 0.3046875 0.0515625 0.0421875
0 0.3515625 0.30234375 0.0453125 0.0328125
0 0.4078125 0.3015625 0.0484375 0.0421875
0 0.4625 0.30234375 0.053125 0.0390625
0 0.3015625 0.3484375 0.05 0.0359375
0 0.353125 0.3484375 0.0453125 0.0390625
0 0.40703125 0.346875 0.0484375 0.0390625
0 0.46171875 0.34609375 0.05 0.0359375
0 0.30234375 0.39140625 0.0453125 0.0359375
0 0.353125 0.3921875 0.0484375 0.0375
0 0.40703125 0.3921875 0.0453125 0.0359375
0 0.45859375 0.3921875 0.05 0.0390625
0 0.303125 0.43515625 0.046875 0.0390625
0 0.353125 0.4359375 0.0484375 0.0359375
0 0.4046875 0.4375 0.05 0.0390625
0 0.46015625 0.43515625 0.046875 0.0390625
0 0.303125 0.47734375 0.046875 0.0390625
0 0.35390625 0.478125 0.04375 0.0390625
0 0.403125 0.4765625 0.05 0.0421875
0 0.459375 0.47890625 0.0515625 0.0390625
0 0.60078125 0.29921875 0.0578125 0.046875
0 0.66171875 0.31171875 0.0625 0.04375
0 0.72109375 0.325 0.0625 0.0390625
0 0.78828125 0.3328125 0.0671875 0.04375
0 0.58671875 0.3453125 0.0578125 0.0421875
0 0.6453125 0.35859375 0.059375 0.0421875
0 0.703125 0.36875 0.05625 0.040625
0 0.77109375 0.37890625 0.0703125 0.0484375
0 0.571875 0.39296875 0.05625 0.0453125
0 0.6265625 0.40625 0.05625 0.04375
0 0.68515625 0.415625 0.0625 0.04375
0 0.746875 0.4265625 0.0625 0.04375
0 0.55625 0.43671875 0.05625 0.0421875
0 0.6109375 0.45078125 0.0546875 0.0421875
0 0.6671875 0.46015625 0.0546875 0.0453125
0 0.73046875 0.475 0.0640625 0.046875
0 0.5390625 0.4796875 0.0515625 0.0453125
0 0.59453125 0.49140625 0.0515625 0.04375
0 0.653125 0.50703125 0.059375 0.046875
0 0.71640625 0.51875 0.06875 0.0453125
0 0.446875 0.54453125 0.05625 0.0421875
0 0.4875 0.571875 0.05 0.046875
0 0.52734375 0.6015625 0.05625 0.0453125
0 0.57265625 0.63125 0.05625 0.04375
0 0.61875 0.66328125 0.05625 0.04375
0 0.41171875 0.57421875 0.053125 0.0453125
0 0.45625 0.603125 0.05625 0.0453125
0 0.4953125 0.63359375 0.0546875 0.046875
0 0.5375 0.66484375 0.0515625 0.0421875
0 0.58203125 0.69609375 0.0546875 0.04375
0 0.37578125 0.6046875 0.0546875 0.0421875
0 0.41953125 0.63671875 0.0515625 0.0421875
0 0.46015625 0.66484375 0.053125 0.0421875
0 0.50546875 0.696875 0.05625 0.0421875
0 0.54375 0.72578125 0.0515625 0.0421875
0 0.3484375 0.6359375 0.046875 0.04375
0 0.3890625 0.6671875 0.0546875 0.04375
0 0.42734375 0.69765625 0.05 0.0421875
0 0.4671875 0.725 0.0578125 0.0421875
0 0.51328125 0.7578125 0.059375 0.0453125